110,4
110,3
110,2
110,1
110,0
109,4
109,3
109,2
109,1
109,0
3,214
5,8
108,4
108,3
108,2
108,1
108,0
107,4
107,3
107,2
107,1
107,0
106,5
106,4
106,3
106,2
106,1
106,0
5,7
105,5
105,4
105,3
105,2
105,1
105,0
2,213
104,5
104,4
104,3
104,2
104,1
104,0
103,4
103,3
103,2
103,1
103,0
1,217
1,216
102,7
102,6
102,5
102,4
102,3
102,2
102,1
102,0
1,215
3,213
2,212
101,4
101,3
101,2
101,1
101,0
1,214
3,212
2,211
1,213
3,211
2,210
100,4
100,3
100,2
100,1
100,0
1,212
3,210
2,209
1,211
3,209
2,208
99,4
99,3
99,2
99,1
99,0
1,210
3,208
2,207
1,209
3,207
2,206
98,5
98,4
98,3
98,2
98,1
98,0
1,208
3,206
2,205
1,207
3,205
2,204
97,5
97,4
97,3
97,2
97,1
97,0
1,206
3,204
2,203
1,205
3,203
2,202
96,6
96,5
96,4
96,3
96,2
96,1
96,0
1,204
3,202
2,201
1,203
3,201
2,200
95,4
95,3
95,2
95,1
95,0
1,202
3,200
2,199
1,201
3,199
2,198
94,5
94,4
94,3
94,2
94,1
94,0
1,200
3,198
2,197
1,199
3,197
2,196
93,4
93,3
93,2
93,1
93,0
1,198
3,196
2,195
1,197
3,195
2,194
92,6
92,5
92,4
92,3
92,2
92,1
92,0
1,196
3,194
2,193
1,195
3,193
1,194
91,5
91,4
91,3
91,2
91,1
91,0
3,192
2,192
1,193
1,192
90,4
90,3
90,2
90,1
90,0
89,4
89,3
89,2
89,1
89,0
88,4
88,3
88,2
88,1
88,0
87,5
87,4
87,3
87,2
87,1
87,0
86,4
86,3
86,2
86,1
86,0
85,4
85,3
85,2
85,1
85,0
84,4
84,3
84,2
84,1
84,0
83,4
83,3
83,2
83,1
83,0
82,4
82,3
82,2
82,1
82,0
81,5
81,4
81,3
81,2
81,1
81,0
80,4
80,3
80,2
80,1
80,0
79,7
79,6
79,5
79,4
79,3
79,2
79,1
79,0
78,4
78,3
78,2
78,1
78,0
77,4
77,3
77,2
77,1
77,0
76,4
76,3
76,2
76,1
76,0
75,5
75,4
75,3
75,2
75,1
75,0
74,5
74,4
74,3
74,2
74,1
74,0
73,6
73,5
73,4
73,3
73,2
73,1
73,0
0,52
72,4
72,3
72,2
72,1
72,0
71,3
71,2
71,1
71,0
70,5
70,4
70,3
70,2
70,1
70,0
69,4
69,3
69,2
69,1
69,0
68,6
68,5
68,4
68,3
68,2
68,1
68,0
67,5
67,4
67,3
67,2
67,1
67,0
66,4
66,3
66,2
66,1
66,0
65,4
65,3
65,2
65,1
65,0
64,3
64,2
64,1
64,0
63,5
63,4
63,3
63,2
63,1
63,0
62,4
62,3
62,2
62,1
62,0
61,4
61,3
61,2
61,1
61,0
60,4
60,3
60,2
60,1
60,0
59,4
59,3
59,2
59,1
59,0
58,4
58,3
58,2
58,1
58,0
57,4
57,3
57,2
57,1
57,0
56,5
56,4
56,3
56,2
56,1
56,0
29,5
29,4
28,5
28,4
55,4
55,3
55,2
55,1
55,0
5,6
54,7
54,6
54,5
54,4
54,3
54,2
54,1
54,0
53,4
53,3
53,2
53,1
53,0
0,50
52,4
52,3
52,2
52,1
52,0
51,4
51,3
51,2
51,1
51,0
50,5
50,4
50,3
50,2
50,1
50,0
49,5
49,4
49,3
49,2
49,1
49,0
48,6
48,5
48,4
48,3
48,2
48,1
48,0
47,4
47,3
47,2
47,1
47,0
46,3
46,2
46,1
46,0
45,5
45,4
45,3
45,2
45,1
45,0
44,4
44,3
44,2
44,1
44,0
5,5
43,6
43,5
43,4
43,3
43,2
43,1
43,0
42,5
42,4
42,3
42,2
42,1
42,0
41,4
41,3
41,2
41,1
41,0
40,4
40,3
40,2
40,1
40,0
39,4
39,3
39,2
39,1
39,0
38,3
38,2
38,1
38,0
37,5
37,4
37,3
37,2
37,1
37,0
36,4
36,3
36,2
36,1
36,0
35,3
35,2
35,1
35,0
34,3
34,2
34,1
34,0
33,3
33,2
33,1
33,0
32,3
32,2
32,1
32,0
31,3
31,2
31,1
31,0
30,3
30,2
30,1
30,0
3,63
2,63
1,63
29,3
29,2
29,1
29,0
3,62
2,62
1,62
3,61
28,3
28,2
28,1
28,0
2,61
1,61
27,3
27,2
27,1
27,0
3,60
2,60
26,3
26,2
26,1
26,0
1,60
3,59
25,3
25,2
25,1
25,0
2,59
1,59
24,3
24,2
24,1
24,0
3,58
2,58
23,3
23,2
23,1
23,0
1,58
3,57
22,3
22,2
22,1
22,0
2,57
1,57
21,3
21,2
21,1
21,0
3,56
2,56
20,3
20,2
20,1
20,0
1,56
3,55
19,3
19,2
19,1
19,0
2,55
1,55
3,54
2,54
18,3
18,2
18,1
18,0
1,54
3,53
17,3
17,2
17,1
17,0
2,53
1,53
16,3
16,2
16,1
16,0
3,52
2,52
15,3
15,2
15,1
15,0
1,52
3,51
2,51
1,51
14,3
14,2
14,1
14,0
3,50
2,50
13,3
13,2
13,1
13,0
1,50
3,49
12,3
12,2
12,1
12,0
2,49
1,49
3,48
2,48
11,3
11,2
11,1
11,0
1,48
3,47
2,47
1,47
10,3
10,2
10,1
10,0
3,46
2,46
9,3
9,2
9,1
9,0
1,46
1,2
3,45
3,2
8,3
8,2
8,1
8,0
0,9
2,45
2,2
5,3
4,3
7,3
0,2
5,2
5,0
1,45
3,44
2,44
1,44
3,43
2,43
1,43
3,42
2,42
1,42
3,41
2,41
1,41
3,40
2,40
1,40
3,39
2,39
1,39
3,38
2,38
1,38
3,37
2,37
1,37
3,36
2,36
1,36
3,35
2,35
1,35
3,34
2,34
1,34
3,33
2,33
1,33
3,32
2,32
1,32
3,31
2,31
1,31
3,30
2,30
1,30
3,29
2,29
1,29
3,28
2,28
1,28
3,27
2,27
1,27
3,26
2,26
1,26
3,25
2,25
1,25
3,24
2,24
1,24
3,23
2,23
1,23
3,22
2,22
1,22
3,21
2,21
1,21
3,20
2,20
1,20
3,19
2,19
1,19
3,18
2,18
1,18
3,17
2,17
1,17
3,16
2,16
1,16
3,15
2,15
1,15
3,14
2,14
1,14
3,13
2,13
1,13
3,12
2,12
1,12
3,11
2,11
1,11
3,10
2,10
1,10
3,9
2,9
1,9
3,8
2,8
1,8
3,7
2,7
1,7
3,6
2,6
1,6
3,5
2,5
1,5
3,4
2,4
1,4
3,3
3,0
2,3
2,0
1,3
1,0
0,6
0,0
0,47
0,46
0,49
0,48
0,45
0,12
0,10
0,8
0,11
0,5
0,7
0,4
0,3
